0 7 0.2723
1 7 0.2465
2 7 0.2557
3 7 0.3314
4 7 0.3263
5 7 0.2326
6 7 0.2810
7 7 0.2691

0 6 0.2282
1 6 0.1930
2 6 0.1467
3 6 0.1491
4 6 0.1439
5 6 0.1400
6 6 0.1600
7 6 0.1363

0 5 0.0953
1 5 0.1234
2 5 0.0910
3 5 0.0909
4 5 0.0984
5 5 0.0924
6 5 0.0937
7 5 0.1005

0 4 0.0992
1 4 0.0792
2 4 0.0771
3 4 0.0723
4 4 0.0822
5 4 0.0817
6 4 0.0693
7 4 0.0693

0 3 0.0795
1 3 0.0623
2 3 0.0525
3 3 0.0542
4 3 0.0555
5 3 0.0677
6 3 0.0484
7 3 0.0526

0 2 0.0948
1 2 0.0469
2 2 0.0446
3 2 0.0423
4 2 0.0356
5 2 0.0246
6 2 0.0301
7 2 0.0237

0 1 0.0462
1 1 0.0237
2 1 0.0240
3 1 0.0260
4 1 0.0137
5 1 0.0133
6 1 0.0003
7 1 -0.0189

0 0 -0.0263
1 0 -0.0252
2 0 -0.0261
3 0 -0.0261
4 0 -0.0291
5 0 -0.0346
6 0 -0.0373
7 0 -0.0440
